$ANSIBLE_VAULT;1.1;AES256
62363138303565396234333038313339613532373866363337653734623733656163326464396461
6530346331306535396639386438386166616163636666640a306264613538363064666636396337
39323331333366346564633737616261313734626430383362396237313231376366303137656639
3438643639333633630a613131323037653939343932376130323035343264393733346434633835
64633565623532383537316331323031653163646663623632626261346261643730346131613462
63326564313933623030656530663662373338663263353834393432663164633630616336626334
65633964653264666535306335383664666330323036633364623539353635643532613763376565
37633736623930313963616434373933356430623038393762363134643432366166323662356630
63393838356137623463323434376235343862316336393465306336626630633836383635326565
65323066663436626638646430346566393265346664376463376432326436363464643433323561
39333362363439306434356464643066356263623864666564316463376262386465303533373632
31333531633833353364353763363433376334343434343062336636636165303766313662386533
65323161323833363266353332323439373036343465313333343165316161303136336161613664
39303233653935633734663761323561636161396235373362626633656233366561623266393738
31656362343138613033326236623434643938653139303264323566326239373733386230663461
33346131356132333732323934306361313761303033623435653638393964313038646635613239
65386635653236333535653662633435343065333163613339386465646366313139383634633839
38623761333133323133376165393064333662373036623837303639643761383536656439353633
63323734613733376165376632626639326261313464333431346166613735643866366163616333
36663639386461363434623931303364633135616431386263663237613734613061353961616166
39353434323763303936316665666439663630383665656439303835376466356266313263636637
38636536636332616233303035666262623062343538383332356533663137313138373637633561
35633436386331643962356338356565633134643334376438666164616465633461306537643262
31303035376238303366633463636163656132353261353837643133353564613963393462383635
64376135326236396264666663323565653763306534336561373465333330363530636537646561
30343365303162303966356462316363346465663662323637396164373562383236393633333462
63356261313537373538313030386530386362313438393131346631366533303964306433663635
36366665363664643131343831343137363664393231653266373234303836303931633163626231
38663539636639353835336430313132323039643264626338376163613937386238313561383365
61356334613435616237666335653830383430666338353262343561343937343533653732633939
62303131653533626332346238613231633335316564653061356437333639613136356264336431
65393238313931366338623234666639626563633633636135363263336363626162376133613536
30613361303437383839373963323865383037653366326133333066656663313264333964386534
34366137373666383737303261313039613733626564626332653331316434306139353538313161
653036343433633537663939316233303534
