$ANSIBLE_VAULT;1.1;AES256
66323135353736373133633136623039613333336232353966623461303064646431613166393261
3961373436383463613932303331386466333136643762620a323933376464343664623333313236
39663830353330323737316564623537353734396361653762623139353165636439636531376463
3131363034613161370a363131373731633534313036333064316632323435363630326164356135
35346638383937363066626236353838636265356239363038626234626637303438613864326435
61373161663864643835376361363964353939636333306266316231303632633435613934393732
34393635653865646638343566386334393238636461643863663031666332363430333933336630
61653336613338386364383536323337643736623661633636633232383433303466656565653330
31653030396437633162666264666366353138613537333730653931666664373835363539306432
65346662643964353938343336643430623533656332363934613131333761396263643939633036
39636162636335326665366136396239306135366665373062386165323332633533663831363066
39336136613130316339386539653835643264396363616433646133373461346362336131613235
33353030313233386237386438636639386639626563373638366366313631303830396361303432
38633935323464356639373165353762396337303839373338326531316230393464363035346364
35356431666239643663643134643939613831613933613637386530386163633062626265386666
65653737373337616161613035656164343364366331373236366130386135323139326462316665
65303764316337383337303435656137363137623539316265656666623939343762343161663435
31333733633739323737383765303330313330636664313466323133353766373938653561363833
66386664376666663230653332346431346535636366336236636139326638626634346236313634
62616661646630313361643538366164313037663038396632383535366161333039333132336164
31393563643563383763353232633231333362626133363130336232666136383062356133663464
30386638666439633037366631343463383664636162386436636437346139633134363566643331
31653865343730343934323333363039623636613535616638353836383433613834373061323731
31636430326531393830386234643464343638343334363634343262623665326266393330666432
34663336343662636639383065343131373866323830333338313765313732386633643334383839
39333234313130363032643234346134636266336132303436353837666463336364633462663665
63613536313163356438353332663930646633666434336334363462383834333662373462653634
37613332663963653663633861653039346631356563356565613264363133366363356538316166
30386631346531356337326164623830356563333733343064376565633966353932386335373665
36313564336130386464333933343738333533396136353361333032303933373630323832346562
36363334346638623362666164353139353438393162653038663761363363346435396337376637
62363138616330383733613231653331623136323436333537616530366633316533323039323636
30306239366661633964346364346664376435633864626162353338303735303966646466323066
63306430616562613035346663656436316666323032383336376338666331306139303336636361
37656233313335646262383066363931633663366566363463313634346435613962373365643532
63306266656166363333346231666534663438383634613836653336646630636531383732343735
39633438303034656138356632373630316361383365376264356538616334386338316133336631
34643264346339323038396331326439333862656536396133373862363830363232663163323466
66393334643039373266323964323165373862646338346138313634343861353164623430316365
34313932626639386339656662386135346139653263626261386139323664336137626562656361
64613061343532613864393962643832386664653233356534663730386662313662316464353362
33303731623138323433666664396337353137366331383061373033393766303036613966616536
62623333653661663036373532613631336637333833623964643834643363363163386639626463
36366264386464393731326137366638343130363630373836666532353736336539323064383765
64323030633062396337386634303865376333626433616666336466336130313438316364633633
6235386131396333643337393734376662356264616232396237
